25
9.35 -35.71 -10.98 -6.05 -29.00 30.91 -40.64 -17.46 46.52 26.06 11.46 -4.51 -43.70 -22.57 37.88 -8.03 -18.00 -18.33 -36.36 15.92 19.45 -33.84 -26.14 -20.52 -0.87
-15.60 -44.83 9.43 36.94 2.79 -38.32 -33.14 27.22 -19.93 8.42 27.01 18.92 26.71 -14.45 -44.21 30.19 -40.94 -45.63 42.77 -28.20 -29.56 -16.99 -0.79 25.46 1.16
5.33 -3.90 -1.25 -21.27 4.19 13.88 4.35 -21.50 5.34 -16.86 5.16 24.18 -4.33 -27.68 -23.90 -45.88 -14.76 1.52 -9.56 -25.05 17.21 -26.45 10.75 2.05 -37.41
13.76 0.73 45.74 22.73 11.84 -37.38 -0.63 -14.84 31.41 -48.74 -8.14 -33.97 -21.67 -12.91 -45.14 -19.11 28.22 8.17 27.42 -19.96 -3.21 -38.61 -48.39 -18.55 24.39
40.94 -28.63 -7.86 19.38 -21.86 47.82 28.61 45.69 41.36 -35.12 30.45 44.09 -18.08 4.05 -12.32 -0.08 14.36 -28.41 -7.24 -12.07 11.15 -3.42 16.35 -23.50 -26.61
-41.74 -30.43 -45.35 -12.58 4.38 19.02 -12.38 45.59 -36.41 -7.52 -47.83 26.20 1.72 -10.48 12.41 4.12 -6.79 -29.80 35.57 38.17 30.13 -11.47 29.06 -37.13 -10.94
-9.00 -45.27 -28.05 -41.00 -41.17 9.45 -42.52 -20.83 -33.00 -6.45 -11.29 41.32 22.88 27.27 -47.76 -48.25 -4.82 21.64 -13.92 23.69 10.38 -48.88 9.07 30.12 37.77
-35.57 2.13 -31.80 -17.84 26.80 -1.22 -6.88 6.89 -24.88 9.18 4.53 -46.53 -9.48 -17.06 45.80 -47.09 5.72 -8.67 -13.35 -23.00 -42.88 -5.09 5.96 37.63 -41.50
-22.51 22.83 25.04 -29.58 6.09 27.59 -19.77 -29.07 -25.53 -35.32 -45.53 7.09 -14.89 -40.16 12.11 -1.41 16.73 -46.11 21.39 -2.79 -41.09 2.95 26.56 -35.86 0.18
19.12 -40.96 23.48 -24.84 -36.54 -23.03 -7.44 -48.79 17.79 -8.52 -35.70 -22.95 21.11 -39.56 -0.62 -9.84 14.54 -20.86 18.39 -46.46 -21.29 2.27 48.74 36.01 -17.22
-38.69 1.68 -31.47 -2.35 35.82 46.58 -22.56 -27.18 -33.02 37.93 48.33 19.83 23.22 42.96 -19.73 -29.23 -19.35 -35.71 -10.98 -6.05 -29.00 30.91 -40.64 -17.46 46.52
-26.06 11.46 -4.51 -43.70 -22.57 37.88 -8.03 -18.00 -18.33 -36.36 15.92 19.45 -33.84 -26.14 -20.52 -0.87 -15.60 -44.83 9.43 36.94 2.79 -38.32 -33.14 27.22 -27.61
-19.93 8.42 27.01 18.92 26.71 -14.45 -44.21 30.19 -40.94 -45.63 42.77 -28.20 -29.56 -16.99 -0.79 25.46 1.16 -2.32 1.94 25.69 -23.82 0.31 -40.88 -48.77 -4.04
5.33 -3.90 -1.25 -21.27 4.19 13.88 4.35 -21.50 5.34 -16.86 5.16 24.18 -4.33 -27.68 -23.90 -45.88 -14.76 1.52 -9.56 -25.05 17.21 -26.45 10.75 2.05 -37.41
13.76 0.73 45.74 22.73 11.84 -37.38 -0.63 -14.84 31.41 -48.74 -8.14 -33.97 -21.67 -12.91 -45.14 -19.11 28.22 8.17 27.42 -19.96 -3.21 -38.61 -48.39 -18.55 24.39
40.94 -28.63 -7.86 19.38 -21.86 47.82 28.61 45.69 41.36 -35.12 30.45 44.09 -18.08 4.05 -12.32 -0.08 14.36 -28.41 -7.24 -12.07 11.15 -3.42 16.35 -23.50 -26.61
-41.74 -30.43 -45.35 -12.58 4.38 19.02 -12.38 45.59 -36.41 -7.52 -47.83 26.20 1.72 -10.48 12.41 4.12 -6.79 -29.80 35.57 38.17 30.13 -11.47 29.06 -37.13 -10.94
-9.00 -45.27 -28.05 -41.00 -41.17 9.45 -42.52 -20.83 -33.00 -6.45 -11.29 41.32 22.88 27.27 -47.76 -48.25 -4.82 21.64 -13.92 23.69 10.38 -48.88 9.07 30.12 37.77
-35.57 2.13 -31.80 -17.84 26.80 -1.22 -6.88 6.89 -24.88 9.18 4.53 -46.53 -9.48 -17.06 45.80 -47.09 5.72 -8.67 -13.35 -23.00 -42.88 -5.09 5.96 37.63 -41.50
-22.51 22.83 25.04 -29.58 6.09 27.59 -19.77 -29.07 -25.53 -35.32 -45.53 7.09 -14.89 -40.16 12.11 -1.41 16.73 -46.11 21.39 -2.79 -41.09 2.95 26.56 -35.86 0.18
19.12 -40.96 23.48 -24.84 -36.54 -23.03 -7.44 -48.79 17.79 -8.52 -35.70 -22.95 21.11 -39.56 -0.62 -9.84 14.54 -20.86 18.39 -46.46 -21.29 2.27 48.74 36.01 -17.22
-38.69 1.68 -31.47 -2.35 35.82 46.58 -22.56 -27.18 -33.02 37.93 48.33 19.83 23.22 42.96 -19.73 -29.23 -19.35 -35.71 -10.98 -6.05 -29.00 30.91 -40.64 -17.46 46.52
-26.06 11.46 -4.51 -43.70 -22.57 37.88 -8.03 -18.00 -18.33 -36.36 15.92 19.45 -33.84 -26.14 -20.52 -0.87 -15.60 -44.83 9.43 36.94 2.79 -38.32 -33.14 27.22 -27.61
-19.93 8.42 27.01 18.92 26.71 -14.45 -44.21 30.19 -40.94 -45.63 42.77 -28.20 -29.56 -16.99 -0.79 25.46 1.16 -2.32 1.94 25.69 -23.82 0.31 -40.88 -48.77 -4.04
5.33 -3.90 -1.25 -21.27 4.19 13.88 4.35 -21.50 5.34 -16.86 5.16 24.18 -4.33 -27.68 -23.90 -45.88 -14.76 1.52 -9.56 -25.05 17.21 -26.45 10.75 2.05 -37.41